1 0
2 1
3 1
4 1
5 1
6 3
7 5
8 7
9 7
10 7
11 1
12 9
13 1
14 1
15 12
16 0
17 1
18 1
19 6
20 1
21 1
22 7
23 1
24 17
25 0
26 1
27 11
28 23
29 1
30 0
31 0
32 4
33 13
34 9
35 0
36 27
37 7
38 0
39 1
40 0
41 0
42 1
43 1
44 1
45 13
46 1
47 33
48 7
49 27
50 16
51 1
52 35
53 2
54 1
55 26
56 47
57 10
58 1
59 7
60 5
61 4
62 0
63 12
64 1
65 51
66 52
67 12
68 10
69 1
70 12
71 3
72 33
73 0
74 9
75 64
76 51
77 37
78 1
79 1
80 16
81 1
82 33
83 71
84 23
85 46
86 8
87 16
88 4
89 1
90 1
91 0
92 37
93 72
94 9
95 54
96 26
97 26
98 82
99 7
