1 21
2 9
2 10
2 46
3 86
5 66
6 40
7 14
7 96
8 29
9 36
9 37
10 65
11 48
12 17
12 83
12 84
13 65
13 76
13 87
15 48
15 54
15 66
16 22
16 46
16 76
17 31
18 48
18 61
18 65
19 22
20 24
20 58
21 30
21 65
23 57
23 65
24 50
25 26
25 75
26 86
26 90
28 41
28 94
29 33
29 86
29 95
31 37
31 64
31 66
31 67
32 54
32 72
33 41
34 69
35 88
36 37
36 94
37 50
38 41
38 53
38 71
38 91
42 55
42 91
43 47
43 75
44 70
44 89
46 55
46 68
46 83
47 83
48 58
49 79
51 67
52 64
52 74
52 84
54 91
55 94
56 84
58 66
62 67
62 85
62 98
63 97
64 94
69 85
73 78
74 93
77 82
83 85
83 97
94 98
